4 20 1
0.486 0.315 0.409 0.965 0.430
0.429 0.839 0.169 0.294 0.235
0.517 0.722 0.262 0.279 0.959
0.933 0.433 0.665 0.144 0.292
0.010 0.642 0.197 0.827 0.032
0.405 0.949 0.268 0.994 0.832
0.842 0.587 0.180 0.571 0.644
0.158 0.408 0.270 0.519 0.554
0.279 0.225 0.687 0.416 0.431
0.534 0.692 0.739 0.767 0.171
0.273 0.102 0.122 0.640 0.702
0.127 0.778 0.514 0.820 0.905
0.223 0.415 0.064 0.712 0.203
0.213 0.268 0.212 0.689 0.504
0.215 0.497 0.709 0.720 0.511
0.115 0.700 0.603 0.340 0.671
0.867 0.897 0.873 0.886 0.388
0.537 0.782 0.784 0.574 0.264
0.838 0.016 0.724 0.332 0.927
0.870 0.429 0.909 0.889 0.092
0.246 0.521 0.671 0.413 0.428 0.615 0.988 0.085 0.786 0.906 0.263 0.386 0.962 0.418 0.247 0.485 0.285 0.748 0.516 0.055 0.012
