4 20 1
0.466 0.109 0.052 1.025 0.487
0.341 0.321 -0.267 0.059 0.443
0.568 0.716 0.109 0.282 0.970
0.768 0.170 0.944 -0.561 0.118
-0.024 0.320 -0.386 0.756 0.173
0.395 0.612 -0.362 0.847 1.059
1.285 0.925 0.726 0.759 0.094
0.187 -1.170 -0.334 -0.184 1.325
-0.179 -0.608 0.597 -0.874 0.365
1.297 1.355 0.775 0.901 -0.054
0.420 -0.749 -0.145 0.047 1.236
0.227 0.173 0.006 0.323 1.399
0.203 0.189 -0.247 0.609 0.273
0.188 0.276 0.115 0.914 0.426
0.673 0.941 0.679 0.712 0.180
0.647 1.128 0.674 0.729 0.073
1.435 1.304 0.850 0.959 0.060
0.384 0.598 1.198 0.089 0.091
1.436 0.429 0.944 0.732 0.485
1.692 1.411 0.868 1.007 -0.040
-1.719 -0.318 0.506 -0.025 1.429 -0.062 0.219 -1.412 2.298 2.579 -1.947 1.547 0.834 -0.056 -0.446 -1.028 -1.289 -1.729 0.878 -1.317 -2.327
