372 4 1
-1.3887 -4.8773 6.4774 0.34179 1
-1.8356 -6.7562 5.0585 -0.55044 1
-6.5235 9.6014 -0.25392 -6.9642 1
3.8905 -2.1521 2.6302 1.1047 0
-2.3797 -1.4402 1.1273 0.16076 1
-2.5373 -6.959 8.8054 1.5289 1
-1.6244 -6.3444 4.6575 0.16981 1
-1.8187 -9.0366 9.0162 -0.12243 1
-0.98193 2.7956 -1.2341 -1.5668 1
3.8417 10.0215 -4.2699 -4.9159 0
3.2303 7.8384 -3.5348 -1.2151 0
0.40614 1.3492 -1.4501 -0.55949 1
3.2697 -4.3414 3.6884 -0.29829 0
1.3566 4.2358 2.1341 0.3211 0
-1.0555 0.79459 -1.6968 -0.46768 1
-2.0441 1.2271 0.18564 -1.091 1
0.31803 -0.99326 1.0947 0.88619 1
0.93584 8.8855 -1.6831 -1.6599 0
4.6464 10.5326 -4.5852 -4.206 0
-2.1674 0.12415 -1.0465 -0.86208 1
-1.8629 -0.84841 2.5377 0.097399 1
4.9342 2.4107 -0.17594 1.6245 0
-7.0364 9.2931 0.16594 -4.5396 1
-5.2943 -5.1463 10.3332 -1.1181 1
0.88992 2.2638 -3.1046 -0.11855 1
-3.551 1.8955 0.1865 -2.4409 1
1.8799 2.4707 2.4931 0.37671 0
-2.9915 -6.6258 8.6521 1.8198 1
-0.78289 11.3603 -0.37644 -7.0495 0
2.483 6.6155 -0.79287 -0.90863 0
-3.3604 -0.32696 2.1324 0.6017 1
3.9771 11.1513 -3.9272 -4.3444 0
1.6849 8.7489 -1.2641 -1.3858 0
-0.27802 8.1881 -3.1338 -2.5276 0
2.3917 4.5565 -4.9888 -2.8987 1
-2.5463 3.1101 -0.83228 -3.0358 1
-1.7976 -6.7686 6.6753 0.89912 1
-1.6677 -7.1535 7.8929 0.96765 1
0.89512 4.7738 -4.8431 -5.5909 1
2.9736 8.7944 -3.6359 -1.3754 0
-1.0744 -6.3113 5.355 0.80472 1
-0.11783 -1.5789 8.03 -0.028031 0
5.0452 3.8964 -1.4304 0.86291 0
3.9294 1.4112 1.8076 0.89782 0
-1.5877 -6.6072 5.8022 0.31593 1
-1.9409 -8.6848 9.155 0.94049 1
0.01727 8.693 1.3989 -3.9668 0
-3.9297 -6.0816 10.0958 -1.0147 1
-2.6406 -4.4159 5.983 -0.13924 1
3.8496 9.7939 -4.1508 -4.4582 0
0.3292 -4.4552 4.5718 -0.9888 0
-6.5084 8.7696 0.23191 -3.937 1
0.32444 10.067 -1.1982 -4.1284 0
-3.2305 -7.2135 11.6433 -0.94613 1
3.7352 9.5911 -3.9032 -3.3487 0
3.245 6.63 -0.63435 0.86937 0
-2.6685 -10.4519 9.1139 -1.7323 1
-0.95403 1.9824 -2.3163 -1.1957 1
-2.0897 10.8265 2.3603 -3.4198 0
0.58836 10.7727 -1.3884 -4.3276 0
0.66365 -0.045533 -0.18794 0.23447 1
4.0948 -2.9674 2.3689 0.75429 0
-2.3242 11.5176 1.8231 -5.375 0
1.7496 -0.1759 5.1827 1.2922 0
-5.637 8.1261 0.13081 -5.0142 1
-2.4941 3.5447 -1.3721 -2.8483 1
3.4092 5.4049 -2.5228 -0.89958 0
0.051979 7.0521 -2.0541 -3.1508 0
4.2134 -2.806 2.0116 0.67412 0
-2.1786 -6.4479 6.0344 -0.20777 1
3.4359 0.66216 2.1041 1.8922 0
-0.96511 9.4111 1.7305 -4.8629 0
4.4338 9.887 -4.6795 -3.7483 0
4.364 -3.1039 2.3757 0.78532 0
-1.5681 -7.2446 6.5537 -0.1276 1
-1.4781 0.14277 -1.1622 -0.48579 1
-0.36506 2.8928 -3.6461 -3.0603 1
0.66018 10.3878 -1.4029 -3.9151 0
-0.071503 3.7412 -4.5415 -4.2526 1
4.2586 11.2962 -4.0943 -4.3457 0
-3.0061 -12.2377 11.9552 -2.1603 1
1.9429 6.3961 0.092248 0.58102 0
2.6682 10.216 -3.4414 -4.0069 0
0.26637 0.73252 -0.67891 0.03533 1
3.4667 -4.0724 4.2882 1.5418 0
0.3798 0.7098 0.7572 -0.4444 0
-1.8584 7.886 -1.6643 -1.8384 0
0.77124 9.0862 -1.2281 -1.4996 0
3.9433 2.5017 1.5215 0.903 0
1.8216 -6.4748 8.0514 -0.41855 0
-2.8957 -12.0205 11.9149 -2.7552 1
3.1377 -4.1096 4.5701 0.98963 0
-0.21394 -0.68287 0.096532 1.1965 1
4.1425 -3.6792 3.8281 1.6297 0
-0.36025 -4.449 2.1067 0.94308 1
-3.9411 -12.8792 13.0597 -3.3125 1
3.9166 10.2491 -4.0926 -4.4659 0
-1.6001 -9.5828 9.4044 0.081882 1
0.81583 4.84 -5.2613 -6.0823 1
2.5635 6.7769 -0.61979 0.38576 0
5.7867 7.8902 -2.6196 -0.48708 0
3.6941 -3.9482 4.2625 1.1577 0
0.6005 1.9327 -3.2888 -0.32415 1
2.8237 2.8597 0.19678 0.57196 0
-1.8348 11.0334 3.1863 -4.8888 0
-2.4725 -0.40145 1.4855 1.1189 1
3.7791 2.5762 1.3098 0.5655 0
-1.5228 -6.4789 5.7568 0.87325 1
3.7831 10.0526 -3.8869 -3.7366 0
-1.6514 -8.4985 9.1122 1.2379 1
3.359 9.8022 -3.8209 -3.7133 0
0.2952 4.8856 -5.149 -6.2323 1
-1.4904 -2.2183 1.6054 0.89394 1
-0.048008 -1.6037 8.4756 0.75558 0
3.0864 -2.5845 2.2309 0.30947 0
-4.2932 3.3419 0.77258 -0.99785 1
-2.6989 12.1984 0.67661 -8.5482 0
-3.9172 2.6652 0.78886 -0.7819 1
-1.522 -6.6383 5.7491 -0.10691 1
4.3846 -4.8794 3.3662 -0.029324 0
1.1317 3.9647 3.3979 0.84351 0
0.32924 -4.4552 4.5718 -0.9888 0
2.1943 4.5503 -4.976 -2.7254 1
-2.588 3.8654 -0.3336 -1.2797 1
-5.0477 -5.8023 11.244 -0.3901 1
-3.8953 4.0392 -0.3019 -2.1836 1
-2.4473 12.6247 0.73573 -7.6612 0
4.2164 9.4607 -4.9288 -5.2366 0
0.5706 -0.0248 1.2421 -0.5621 0
3.6277 0.9829 0.68861 0.63403 0
-2.1668 1.5933 0.045122 -1.678 1
2.5698 -4.4076 5.9856 0.078002 0
-1.8782 -6.5865 4.8486 -0.021566 1
3.0333 -2.5928 2.3183 0.303 0
3.9922 -4.4676 3.7304 -0.1095 0
5.7227 5.8312 -2.4097 -0.24527 0
0.26877 4.987 -5.1508 -6.3913 1
-0.014902 -1.0243 -0.94024 0.64955 1
2.9742 8.96 -2.9024 -1.0379 0
2.5989 3.5178 0.7623 0.81119 0
4.8272 3.0687 0.68604 0.80731 0
-3.518 2.8763 0.1548 -1.2086 1
-0.37013 -5.554 4.7749 1.547 1
-4.7462 3.1205 1.075 -1.2966 1
-1.5055 0.070346 6.8681 -0.50648 0
1.2999 2.5762 2.0107 -0.18967 0
4.6562 7.6398 -2.4243 -1.2384 0
3.7321 -3.884 3.3577 -0.0060486 0
-0.89409 3.1991 -1.8219 -2.9452 1
0.11806 0.39108 -0.98223 0.42843 1
-2.564 -1.7051 1.5026 0.32757 1
4.0713 10.4023 -4.1722 -4.7582 0
3.0948 8.7324 -2.9007 -0.96682 0
2.0911 0.94358 4.5512 1.234 0
-6.3979 6.4479 1.0836 -6.6176 1
5.0691 0.21313 0.20278 1.2095 0
-3.7747 2.5162 0.83341 -0.30993 1
1.3234 3.2964 0.2362 -0.11984 0
3.2718 1.7837 2.1161 0.61334 0
-0.83121 0.039307 0.05369 -0.23105 1
-2.4604 12.7302 0.91738 -7.6418 0
-1.9423 0.3766 -1.2898 -0.82458 1
3.2403 -3.7082 5.2804 0.41291 0
-1.7063 2.7956 -2.378 -2.3491 1
4.8451 8.1116 -2.9512 -1.4724 0
4.3398 -5.3036 3.8803 -0.70432 0
2.3718 7.4908 0.015989 -1.7414 0
4.616 10.1788 -4.2185 -4.4245 0
0.64215 3.1287 4.2933 0.64696 0
3.7731 7.2073 -1.6814 -0.94742 0
-1.4454 -8.4385 8.8483 0.96894 1
3.8584 0.78425 1.1033 1.7008 0
-2.659 -1.6058 1.3647 0.16464 1
3.4769 -0.15314 2.53 2.4495 0
0.83292 7.5404 0.65005 -0.92544 0
2.4008 9.3593 -3.3565 -3.3526 0
2.5678 3.5136 0.61406 -0.40691 0
0.39559 6.8866 1.0588 -0.67587 0
2.0843 6.6258 0.48382 -2.2134 0
-2.1333 1.5685 -0.084261 -1.7453 1
-1.6988 -7.1163 5.7902 0.16723 1
3.7798 -3.3109 2.6491 0.066365 0
4.052 -0.16555 0.45383 0.51248 0
4.1373 0.49248 1.093 1.8276 0
2.9233 6.0464 -0.11168 -0.58665 0
2.805 0.57732 1.3424 1.2133 0
-2.5899 -0.3911 0.93452 0.42972 1
-0.28015 3.0729 -3.3857 -2.9155 1
-0.49241 0.89392 -1.6283 -0.56854 1
4.7965 6.9859 -1.9967 -0.35001 0
3.9364 10.5885 -3.725 -4.3133 0
1.7875 4.78 -5.1362 -3.2362 1
5.7403 -0.44284 0.38015 1.3763 0
4.1454 7.257 -1.9153 -0.86078 0
0.30081 0.17381 -1.7542 0.48921 1
3.8999 1.734 1.6011 0.96765 0
2.8232 10.8513 -3.1466 -3.9784 0
-3.9933 2.6218 0.62863 -1.1595 1
2.3164 -2.628 3.1529 -0.08622 0
3.9102 6.065 -2.4534 -0.68234 0
2.5559 3.3605 2.0321 0.26809 0
-4.211 -12.4736 14.9704 -1.3884 1
3.5862 -3.0957 2.8093 0.24481 0
0.7057 -5.4981 8.3368 -2.8715 0
5.1321 -0.031048 0.32616 1.1151 0
2.877 -4.0599 3.6259 -0.32544 0
4.223 1.1319 0.72202 0.96118 0
-4.7331 -6.1789 11.388 -1.0741 1
-0.93587 -5.1008 4.5367 1.3866 1
-3.73 -12.9723 12.9817 -2.684 1
-2.9498 -8.273 10.2646 1.1629 1
1.3562 3.2136 4.3465 0.78662 0
-4.2249 6.2699 0.15822 -5.5457 1
-3.4917 -12.1736 14.3689 -0.61639 1
-2.4349 -9.2497 8.9922 -0.50001 1
4.4295 -2.3507 1.7048 0.90946 0
1.5514 3.8013 -4.9143 -3.7483 1
0.86736 5.5643 1.6765 -0.16769 0
2.7161 -4.2006 4.1914 0.16981 0
-0.16735 7.6274 1.2061 -3.6241 0
1.7452 4.8028 2.0878 0.62627 0
-2.286 -5.4484 5.8039 0.88231 1
3.4626 -4.449 3.5427 0.15429 0
0.066129 2.4914 -2.9401 -0.62156 1
1.8373 6.1292 0.84027 0.55257 0
-0.69879 -3.3771 4.1211 1.5043 1
0.50813 0.47799 -1.9804 0.57714 1
3.2351 9.647 -3.2074 -2.5948 0
0.74067 1.7299 -3.1963 -0.1457 1
0.51947 -3.2633 3.0895 -0.98492 0
-4.9462 3.5716 0.82742 -1.4957 1
-0.023579 7.1742 0.78457 -0.75734 0
0.5706 -0.024841 1.2421 -0.56208 0
-1.0941 2.3072 -2.5237 -1.4453 1
4.8278 7.7598 -2.4491 -1.2216 0
-1.5322 -5.0966 6.6779 0.17498 1
0.58982 7.4266 1.2353 -2.9595 0
-0.092194 0.39315 -0.32846 -0.13794 1
-3.4083 4.8587 -0.76888 -4.8668 1
4.1349 6.1189 -2.4294 -0.19613 0
-0.69745 -1.7672 -0.34474 -0.12372 1
1.7331 3.9544 -4.7412 -2.5017 1
-1.1005 -7.2508 6.0139 0.36895 1
4.0446 11.1741 -4.3582 -4.7401 0
4.0405 0.51524 1.0279 1.106 0
-3.8203 -13.0551 16.9583 -2.3052 1
-2.3361 11.9604 3.0835 -5.4435 0
-4.5046 -5.8126 10.8867 -0.52846 1
5.6272 10.0857 -4.2931 -3.8142 0
1.2746 8.8172 -1.5323 -1.7957 0
2.7831 10.9796 -3.557 -4.4039 0
-2.7611 -10.5099 9.0239 -1.9547 1
2.6799 3.1349 0.34073 0.58489 0
4.2475 1.4816 -0.48355 0.95343 0
-6.3364 9.2848 0.014275 -6.7844 1
-2.8833 1.7713 0.68946 -0.4638 1
-7.0421 9.2 0.25933 -4.6832 1
2.0051 -6.8638 8.132 -0.2401 0
0.0040545 0.62905 -0.64121 0.75817 1
1.1518 1.3864 5.2727 -0.43536 0
3.7635 2.7811 0.66119 0.34179 0
3.2051 8.6889 -2.9033 -0.7819 0
-1.3274 9.498 2.4408 -5.2689 0
4.7926 1.7071 -0.051701 1.4926 0
4.1927 -3.2674 2.5839 0.21766 0
1.9818 9.2621 -3.521 -1.872 0
3.884 10.0277 -3.9298 -4.0819 0
1.581 0.86909 -2.3138 0.82412 1
-1.9983 -6.6072 4.8254 -0.41984 1
4.7432 2.1086 0.1368 1.6543 0
-2.3898 -0.78427 3.0141 0.76205 1
0.5706 -0.0248 1.2421 -0.5621 0
0.19081 9.1297 -3.725 -5.8224 0
-3.8552 3.5219 -0.38415 -3.8608 1
3.2692 3.4184 0.20706 -0.066824 0
1.5902 2.2948 3.2403 0.18404 0
1.2279 4.0309 -4.6435 -3.9125 1
3.8832 6.4023 -2.432 -0.98363 0
-0.23356 3.2405 -3.0669 -2.7784 1
6.8248 5.2187 -2.5425 0.5461 0
0.33111 4.5731 2.057 -0.18967 0
2.2429 -4.1427 5.2333 -0.40173 0
3.9719 1.0367 0.75973 1.0013 0
0.72252 -0.053811 5.6703 -1.3509 0
-0.82053 0.65181 -0.48869 -0.52716 1
-2.4365 3.6026 -1.4166 -2.8948 1
-2.62 -6.8555 6.2169 -0.62285 1
-0.46651 2.3383 -2.9812 -1.0431 1
0.53936 3.8944 -4.8166 -4.3418 1
3.6922 -3.9585 4.3439 1.3517 0
-3.1273 -7.1121 11.3897 -0.083634 1
-6.3679 8.0102 0.4247 -3.2207 1
2.7206 9.0821 -3.3111 -0.96811 0
3.8962 -4.7904 3.3954 -0.53751 0
3.6244 1.4609 1.3501 1.9284 0
-4.1244 3.7909 -0.6532 -4.1802 1
0.3798 0.7098 0.7572 -0.4444 0
-2.5701 -6.8452 8.9999 2.1353 1
-0.278 8.1881 -3.1338 -2.5276 0
4.0552 0.40143 1.4563 0.65343 0
1.208 4.0744 -4.7635 -2.6129 1
4.3634 0.46351 1.4281 2.0202 0
-0.56877 1.4174 -1.4252 -1.1246 1
2.5328 7.528 -0.41929 -2.6478 0
0.74054 0.36625 2.1992 0.48403 0
-2.8267 -9.0407 9.0694 -0.98233 1
3.7022 6.9942 -1.8511 -0.12889 0
1.5799 -4.7076 7.9186 -1.5487 0
-1.7479 -5.823 5.8699 1.212 1
1.4507 8.7903 -2.2324 -0.65259 0
4.0932 5.4132 -1.8219 0.23576 0
0.76163 5.8209 1.1959 -0.64613 0
-1.5572 -9.8808 8.1088 -1.0806 1
2.9695 5.6222 0.27561 -1.1556 0
1.2247 8.7779 -2.2135 -0.80647 0
3.6289 0.81322 1.6277 0.77627 0
-2.5419 -0.65804 2.6842 1.1952 1
1.7257 -4.4697 8.2219 -1.8073 0
2.0153 0.43661 4.5864 -0.3151 0
4.5597 -2.4211 2.6413 1.6168 0
5.4944 1.5478 0.041694 1.9284 0
2.5581 2.6218 1.8513 0.40257 0
2.0466 2.03 2.1761 -0.083634 0
-0.10648 -0.76771 7.7575 0.64179 0
-1.1391 1.8127 6.9144 0.70127 0
4.5645 -3.6275 2.8684 0.27714 0
-0.8734 -0.033118 -0.20165 0.55774 1
0.39012 -0.14279 -0.031994 0.35084 1
0.38478 6.5989 -0.3336 -0.56466 0
3.0934 -2.9177 2.2232 0.22283 0
-0.17296 -1.1816 1.3818 0.7336 1
-5.9034 6.5679 0.67661 -6.6797 1
4.0962 10.1891 -3.9323 -4.1827 0
0.49665 5.527 1.7785 -0.47156 0
-0.7056 8.7241 2.2215 -4.5965 0
-3.7503 -13.4586 17.5932 -2.7771 1
-3.5681 -8.213 10.083 0.96765 1
-0.49081 2.8452 -3.6436 -3.1004 1
5.0214 8.0764 -3.0515 -1.7155 0
-0.21661 8.0329 1.8848 -3.8853 0
-0.97325 -6.4168 5.6026 1.0323 1
4.9249 0.68906 0.77344 1.2095 0
-2.1979 -2.1252 1.7151 0.45171 1
3.3004 7.0811 -1.3258 0.22283 0
-1.0116 -0.19038 -0.90597 0.003003 1
1.9157 6.0816 0.23705 -2.0116 0
-5.2406 6.6258 -0.19908 -6.8607 1
2.0153 1.8479 3.1375 0.42843 0
1.0117 0.9022 -2.3506 0.42714 1
-2.7419 11.4038 2.5394 -5.5793 0
4.4072 -0.070365 2.0416 1.1319 0
3.4591 11.112 -4.2039 -5.0931 0
5.6084 10.3009 -4.8003 -4.3534 0
2.2893 3.733 0.6312 -0.39786 0
2.8033 9.0862 -3.3668 -1.0224 0
3.8027 0.81529 2.1041 1.0245 0
-1.8387 -6.301 5.6506 0.19567 1
5.807 5.0097 -2.2384 0.43878 0
-3.3884 -8.215 10.3315 0.98187 1
-1.5078 -7.3191 7.8981 1.2289 1
-3.7181 -8.5089 12.363 -0.95518 1
-3.3458 -0.50491 2.6328 0.53705 1
3.1452 5.825 -0.51439 -1.4944 0
-3.8952 3.8157 -0.31304 -3.8194 1
3.5458 9.3718 -4.0351 -3.9564 0
1.9358 8.1654 -0.023425 -2.2586 0
1.4884 3.6274 3.308 0.48921 0
-2.0891 -0.48422 1.704 1.7435 1
-2.2617 -4.7428 6.3489 0.11162 1
-1.0112 2.9984 -1.1664 -1.6185 1
0.26517 2.4066 -2.8416 -0.59958 1
-1.2244 1.7485 -1.4801 -1.4181 1