4 20 1
0.480 0.082 0.022 0.983 0.518
0.354 0.193 -0.267 0.062 0.533
0.565 0.686 0.099 0.267 0.994
0.800 0.138 0.943 -0.612 0.105
-0.016 0.310 -0.399 0.737 0.180
0.420 0.590 -0.382 0.801 1.086
1.334 1.069 0.743 0.804 0.115
0.275 -1.326 -0.439 -0.259 1.456
-0.098 -0.681 0.514 -0.985 0.347
1.303 1.528 0.825 0.970 -0.047
0.497 -0.895 -0.249 -0.022 1.369
0.284 0.044 -0.038 0.293 1.488
0.215 0.174 -0.248 0.555 0.290
0.191 0.263 0.099 0.876 0.458
0.716 1.089 0.683 0.729 0.154
0.660 1.318 0.694 0.760 0.028
1.492 1.444 0.886 1.021 0.055
0.398 0.580 1.203 0.059 0.086
1.531 0.636 0.880 0.721 0.558
1.451 1.208 0.971 1.924 -0.507
-2.020 -0.116 0.731 0.055 1.554 0.116 0.426 -1.548 2.684 2.724 -2.108 1.928 1.100 0.150 -0.267 -1.174 -1.471 -1.927 0.955 -1.462 -2.716
